tmfreqs:, k index, k1, k2, k3, kmag/2pi, tm band 1, tm band 2, tm band 3, tm band 4, tm band 5, tm band 6, tm band 7, tm band 8
tmfreqs:, 1, 0, 0, 0, 0, 0, 0.546027, 0.552094, 0.552096, 0.812093, 0.854314, 0.951107, 1.08259
tmfreqs:, 2, 0.1, 0, 0, 0.1, 0.0643671, 0.518896, 0.552617, 0.579095, 0.812721, 0.852958, 0.941428, 1.04995
tmfreqs:, 3, 0.2, 0, 0, 0.2, 0.126061, 0.48795, 0.553991, 0.610359, 0.812384, 0.849484, 0.912816, 1.02959
tmfreqs:, 4, 0.3, 0, 0, 0.3, 0.181523, 0.45665, 0.555709, 0.644685, 0.802314, 0.845326, 0.880698, 1.025
tmfreqs:, 5, 0.4, 0, 0, 0.4, 0.224302, 0.429317, 0.557116, 0.682524, 0.772176, 0.842059, 0.865404, 1.0269
tmfreqs:, 6, 0.5, 0, 0, 0.5, 0.241821, 0.417114, 0.557658, 0.713395, 0.741311, 0.84083, 0.862516, 1.02856
tmfreqs:, 7, 0.5, 0.1, 0, 0.509902, 0.245235, 0.4236, 0.551085, 0.711571, 0.749855, 0.841982, 0.862609, 1.01714
tmfreqs:, 8, 0.5, 0.2, 0, 0.538516, 0.25442, 0.441321, 0.535034, 0.706018, 0.772267, 0.845818, 0.862861, 0.989395
tmfreqs:, 9, 0.5, 0.3, 0, 0.583095, 0.266397, 0.465222, 0.516482, 0.697068, 0.802974, 0.853388, 0.863228, 0.954203
tmfreqs:, 10, 0.5, 0.4, 0, 0.640312, 0.276774, 0.48701, 0.501823, 0.687264, 0.837704, 0.86397, 0.865932, 0.916273
tmfreqs:, 11, 0.5, 0.5, 0, 0.707107, 0.280948, 0.496196, 0.496197, 0.682617, 0.859474, 0.878316, 0.878316, 0.879351
tmfreqs:, 12, 0.4, 0.4, 0, 0.565685, 0.27141, 0.485365, 0.501693, 0.689111, 0.830636, 0.844978, 0.893706, 0.898991
tmfreqs:, 13, 0.3, 0.3, 0, 0.424264, 0.236529, 0.473888, 0.515941, 0.679199, 0.819377, 0.829518, 0.897603, 0.933446
tmfreqs:, 14, 0.2, 0.2, 0, 0.282843, 0.172884, 0.482973, 0.533242, 0.640233, 0.819202, 0.838111, 0.910409, 0.976551
tmfreqs:, 15, 0.1, 0.1, 0, 0.141421, 0.0904174, 0.510404, 0.546943, 0.593803, 0.81373, 0.851132, 0.935551, 1.02882
tmfreqs:, 16, 0, 0, 0, 0, 0, 0.546027, 0.552094, 0.552096, 0.812093, 0.854314, 0.951107, 1.08259
tmfreqs:, k index, k1, k2, k3, kmag/2pi, tm band 1, tm band 2, tm band 3, tm band 4, tm band 5, tm band 6, tm band 7, tm band 8
tmfreqs:, 1, 0, 0, 0, 0, 0, 0.546027, 0.552094, 0.552096, 0.812093, 0.854314, 0.951107, 1.08259
tmfreqs:, 2, 0.1, 0, 0, 0.1, 0.0643671, 0.518896, 0.552617, 0.579095, 0.812721, 0.852958, 0.941428, 1.04995
tmfreqs:, 3, 0.2, 0, 0, 0.2, 0.126061, 0.48795, 0.553991, 0.610359, 0.812384, 0.849484, 0.912816, 1.02959
tmfreqs:, 4, 0.3, 0, 0, 0.3, 0.181523, 0.45665, 0.555709, 0.644685, 0.802314, 0.845326, 0.880698, 1.025
tmfreqs:, 5, 0.4, 0, 0, 0.4, 0.224302, 0.429317, 0.557116, 0.682524, 0.772176, 0.842059, 0.865404, 1.0269
tmfreqs:, 6, 0.5, 0, 0, 0.5, 0.241821, 0.417114, 0.557658, 0.713395, 0.741311, 0.84083, 0.862516, 1.02856
tmfreqs:, 7, 0.5, 0.1, 0, 0.509902, 0.245235, 0.4236, 0.551085, 0.711571, 0.749855, 0.841982, 0.862609, 1.01714
tmfreqs:, 8, 0.5, 0.2, 0, 0.538516, 0.25442, 0.441321, 0.535034, 0.706018, 0.772267, 0.845818, 0.862861, 0.989395
tmfreqs:, 9, 0.5, 0.3, 0, 0.583095, 0.266397, 0.465222, 0.516482, 0.697068, 0.802974, 0.853388, 0.863228, 0.954203
tmfreqs:, 10, 0.5, 0.4, 0, 0.640312, 0.276774, 0.48701, 0.501823, 0.687264, 0.837704, 0.86397, 0.865932, 0.916273
tmfreqs:, 11, 0.5, 0.5, 0, 0.707107, 0.280948, 0.496196, 0.496197, 0.682617, 0.859474, 0.878316, 0.878316, 0.879351
tmfreqs:, 12, 0.4, 0.4, 0, 0.565685, 0.27141, 0.485365, 0.501693, 0.689111, 0.830636, 0.844978, 0.893706, 0.898991
tmfreqs:, 13, 0.3, 0.3, 0, 0.424264, 0.236529, 0.473888, 0.515941, 0.679199, 0.819377, 0.829518, 0.897603, 0.933446
tmfreqs:, 14, 0.2, 0.2, 0, 0.282843, 0.172884, 0.482973, 0.533242, 0.640233, 0.819202, 0.838111, 0.910409, 0.976551
tmfreqs:, 15, 0.1, 0.1, 0, 0.141421, 0.0904174, 0.510404, 0.546943, 0.593803, 0.81373, 0.851132, 0.935551, 1.02882
tmfreqs:, 16, 0, 0, 0, 0, 0, 0.546027, 0.552094, 0.552096, 0.812093, 0.854314, 0.951107, 1.08259
tmfreqs:, k index, k1, k2, k3, kmag/2pi, tm band 1, tm band 2, tm band 3, tm band 4, tm band 5, tm band 6, tm band 7, tm band 8
tmfreqs:, 1, 0, 0, 0, 0, 0, 0.560518, 0.560561, 0.593296, 0.837451, 0.837595, 0.994129, 1.09832
tmfreqs:, 2, 0.02, 0, 0, 0.023094, 0.0143287, 0.559125, 0.560483, 0.594811, 0.837336, 0.83765, 0.993897, 1.09789
tmfreqs:, 3, 0.04, 0, 0, 0.046188, 0.0286322, 0.55544, 0.560347, 0.598766, 0.836933, 0.837875, 0.993201, 1.09659
tmfreqs:, 4, 0.06, 0, 0, 0.069282, 0.0428847, 0.550479, 0.560124, 0.604174, 0.836254, 0.838259, 0.992038, 1.0943
tmfreqs:, 5, 0.08, 0, 0, 0.092376, 0.0570602, 0.544884, 0.559816, 0.610393, 0.835313, 0.83879, 0.9904, 1.09091
tmfreqs:, 6, 0.1, 0, 0, 0.11547, 0.0711319, 0.538981, 0.559429, 0.617095, 0.834123, 0.839462, 0.988272, 1.08637
tmfreqs:, 7, 0.12, 0, 0, 0.138564, 0.0850718, 0.532933, 0.558971, 0.624112, 0.832699, 0.840264, 0.98563, 1.08074
tmfreqs:, 8, 0.14, 0, 0, 0.161658, 0.0988506, 0.526827, 0.558448, 0.631355, 0.831061, 0.841184, 0.982434, 1.07423
tmfreqs:, 9, 0.16, 0, 0, 0.184752, 0.112437, 0.520713, 0.55787, 0.63877, 0.829229, 0.84221, 0.978635, 1.06717
tmfreqs:, 10, 0.18, 0, 0, 0.207846, 0.125798, 0.514622, 0.557246, 0.64632, 0.827228, 0.843328, 0.974174, 1.05992
tmfreqs:, 11, 0.2, 0, 0, 0.23094, 0.138898, 0.508574, 0.556587, 0.65398, 0.825087, 0.84452, 0.968999, 1.05281
tmfreqs:, 12, 0.22, 0, 0, 0.254034, 0.151697, 0.502589, 0.555904, 0.661727, 0.822833, 0.84577, 0.963079, 1.04612
tmfreqs:, 13, 0.24, 0, 0, 0.277128, 0.164152, 0.496682, 0.555207, 0.66954, 0.8205, 0.847059, 0.956422, 1.04002
tmfreqs:, 14, 0.26, 0, 0, 0.300222, 0.176215, 0.490871, 0.554508, 0.677395, 0.81812, 0.848368, 0.949088, 1.03463
tmfreqs:, 15, 0.28, 0, 0, 0.323316, 0.187831, 0.485178, 0.553817, 0.685266, 0.815726, 0.849677, 0.941187, 1.02996
tmfreqs:, 16, 0.3, 0, 0, 0.34641, 0.198939, 0.479631, 0.553145, 0.693119, 0.813353, 0.850964, 0.932869, 1.02598
tmfreqs:, 17, 0.32, 0, 0, 0.369504, 0.209471, 0.474264, 0.552503, 0.700911, 0.811034, 0.85221, 0.924304, 1.02263
tmfreqs:, 18, 0.34, 0, 0, 0.392598, 0.219345, 0.469124, 0.551901, 0.708588, 0.808799, 0.853393, 0.915676, 1.01983
tmfreqs:, 19, 0.36, 0, 0, 0.415692, 0.228472, 0.464267, 0.551346, 0.716073, 0.806679, 0.854494, 0.907176, 1.01751
tmfreqs:, 20, 0.38, 0, 0, 0.438786, 0.23675, 0.459764, 0.550848, 0.723266, 0.8047, 0.855493, 0.899004, 1.01562
tmfreqs:, 21, 0.4, 0, 0, 0.46188, 0.244064, 0.4557, 0.550414, 0.730028, 0.80289, 0.856372, 0.891379, 1.01409
tmfreqs:, 22, 0.42, 0, 0, 0.484974, 0.250292, 0.452169, 0.55005, 0.736175, 0.801276, 0.857115, 0.884545, 1.01289
tmfreqs:, 23, 0.44, 0, 0, 0.508068, 0.25531, 0.449274, 0.549761, 0.741465, 0.799898, 0.857708, 0.878773, 1.01199
tmfreqs:, 24, 0.46, 0, 0, 0.531162, 0.258997, 0.447117, 0.549552, 0.745602, 0.798816, 0.85814, 0.874354, 1.01136
tmfreqs:, 25, 0.48, 0, 0, 0.554256, 0.261255, 0.445783, 0.549425, 0.748263, 0.798111, 0.858402, 0.871564, 1.01099
tmfreqs:, 26, 0.5, 0, 0, 0.57735, 0.262015, 0.445331, 0.549383, 0.749186, 0.797864, 0.85849, 0.870609, 1.01087
tmfreqs:, 27, 0.5, 0.02, 0, 0.566157, 0.261914, 0.44564, 0.549065, 0.749256, 0.797853, 0.858639, 0.870824, 1.0097
tmfreqs:, 28, 0.5, 0.04, 0, 0.555698, 0.261618, 0.446554, 0.548126, 0.74946, 0.797823, 0.859049, 0.871499, 1.00638
tmfreqs:, 29, 0.5, 0.06, 0, 0.546016, 0.261147, 0.44804, 0.546599, 0.749783, 0.797776, 0.85963, 0.872708, 1.00135
tmfreqs:, 30, 0.5, 0.08, 0, 0.537153, 0.260535, 0.450041, 0.544545, 0.750198, 0.797716, 0.860262, 0.874542, 0.995118
tmfreqs:, 31, 0.5, 0.1, 0, 0.52915, 0.259823, 0.452479, 0.542046, 0.750675, 0.79765, 0.860842, 0.87706, 0.988108
tmfreqs:, 32, 0.5, 0.12, 0, 0.522047, 0.259059, 0.455253, 0.539206, 0.751181, 0.797581, 0.861317, 0.880257, 0.980661
tmfreqs:, 33, 0.5, 0.14, 0, 0.515881, 0.25829, 0.458236, 0.536156, 0.751684, 0.797516, 0.861679, 0.884056, 0.97305
tmfreqs:, 34, 0.5, 0.16, 0, 0.510686, 0.257566, 0.461273, 0.533056, 0.752154, 0.797458, 0.861943, 0.88832, 0.965518
tmfreqs:, 35, 0.5, 0.18, 0, 0.506491, 0.256928, 0.46417, 0.530101, 0.752566, 0.797411, 0.862129, 0.892843, 0.958331
tmfreqs:, 36, 0.5, 0.2, 0, 0.503322, 0.256416, 0.466695, 0.527529, 0.752902, 0.797377, 0.862253, 0.897293, 0.951852
tmfreqs:, 37, 0.5, 0.22, 0, 0.501199, 0.256058, 0.468587, 0.5256, 0.753147, 0.797358, 0.86233, 0.901117, 0.94665
tmfreqs:, 38, 0.5, 0.24, 0, 0.500133, 0.255874, 0.4696, 0.524564, 0.75329, 0.797354, 0.862367, 0.903456, 0.943595
tmfreqs:, 39, 0.5, 0.26, 0, 0.500133, 0.255876, 0.469577, 0.524578, 0.753328, 0.797366, 0.862368, 0.903457, 0.943541
tmfreqs:, 40, 0.5, 0.28, 0, 0.501199, 0.256062, 0.468521, 0.525639, 0.753261, 0.797395, 0.862333, 0.901109, 0.946499
tmfreqs:, 41, 0.5, 0.3, 0, 0.503322, 0.256422, 0.466592, 0.527586, 0.753092, 0.797438, 0.862258, 0.897257, 0.951623
tmfreqs:, 42, 0.5, 0.32, 0, 0.506491, 0.256937, 0.464037, 0.530171, 0.752831, 0.797496, 0.862135, 0.892765, 0.958038
tmfreqs:, 43, 0.5, 0.34, 0, 0.510686, 0.257576, 0.461117, 0.533131, 0.752492, 0.797567, 0.861951, 0.888193, 0.965167
tmfreqs:, 44, 0.5, 0.36, 0, 0.515881, 0.258303, 0.458063, 0.536232, 0.752092, 0.797646, 0.861687, 0.883878, 0.972645
tmfreqs:, 45, 0.5, 0.38, 0, 0.522047, 0.259074, 0.455066, 0.53928, 0.751655, 0.797732, 0.861321, 0.880032, 0.980204
tmfreqs:, 46, 0.5, 0.4, 0, 0.52915, 0.25984, 0.452282, 0.542115, 0.751209, 0.79782, 0.860837, 0.876796, 0.987597
tmfreqs:, 47, 0.5, 0.42, 0, 0.537153, 0.260554, 0.449836, 0.544609, 0.750784, 0.797903, 0.86024, 0.87425, 0.994552
tmfreqs:, 48, 0.5, 0.44, 0, 0.546016, 0.261167, 0.447829, 0.546658, 0.750413, 0.797976, 0.859584, 0.872404, 1.00073
tmfreqs:, 49, 0.5, 0.46, 0, 0.555698, 0.261639, 0.446339, 0.54818, 0.750122, 0.798034, 0.858977, 0.871193, 1.00571
tmfreqs:, 50, 0.5, 0.48, 0, 0.566157, 0.261936, 0.445422, 0.549117, 0.749938, 0.798071, 0.858546, 0.870521, 1.00899
tmfreqs:, 51, 0.5, 0.5, 0, 0.57735, 0.262037, 0.445112, 0.549433, 0.749874, 0.798083, 0.858391, 0.870307, 1.01014
tmfreqs:, 52, 0.48, 0.48, 0, 0.554256, 0.261276, 0.445565, 0.549475, 0.748944, 0.798324, 0.858303, 0.871278, 1.01027
tmfreqs:, 53, 0.46, 0.46, 0, 0.531162, 0.259017, 0.446901, 0.549602, 0.74626, 0.799011, 0.858039, 0.874109, 1.01064
tmfreqs:, 54, 0.44, 0.44, 0, 0.508068, 0.255328, 0.449063, 0.549811, 0.74209, 0.80007, 0.857606, 0.878587, 1.01128
tmfreqs:, 55, 0.42, 0.42, 0, 0.484974, 0.250308, 0.451962, 0.550099, 0.73676, 0.801422, 0.857012, 0.884427, 1.01219
tmfreqs:, 56, 0.4, 0.4, 0, 0.46188, 0.244077, 0.455498, 0.550463, 0.730569, 0.803013, 0.856268, 0.89133, 1.0134
tmfreqs:, 57, 0.38, 0.38, 0, 0.438786, 0.236761, 0.45957, 0.550896, 0.723763, 0.804804, 0.855388, 0.89902, 1.01494
tmfreqs:, 58, 0.36, 0.36, 0, 0.415692, 0.228481, 0.464079, 0.551393, 0.716527, 0.806767, 0.854389, 0.907249, 1.01685
tmfreqs:, 59, 0.34, 0.34, 0, 0.392598, 0.219352, 0.468943, 0.551947, 0.709, 0.808876, 0.853287, 0.915798, 1.01919
tmfreqs:, 60, 0.32, 0.32, 0, 0.369504, 0.209476, 0.474091, 0.552549, 0.701283, 0.811103, 0.852104, 0.924464, 1.02202
tmfreqs:, 61, 0.3, 0.3, 0, 0.34641, 0.198943, 0.479464, 0.55319, 0.693453, 0.813418, 0.850857, 0.933054, 1.02542
tmfreqs:, 62, 0.28, 0.28, 0, 0.323316, 0.187833, 0.485019, 0.55386, 0.685565, 0.81579, 0.84957, 0.941386, 1.02946
tmfreqs:, 63, 0.26, 0.26, 0, 0.300222, 0.176216, 0.49072, 0.55455, 0.677661, 0.818184, 0.848261, 0.949286, 1.0342
tmfreqs:, 64, 0.24, 0.24, 0, 0.277128, 0.164153, 0.496539, 0.555248, 0.669774, 0.820566, 0.846952, 0.956606, 1.03967
tmfreqs:, 65, 0.22, 0.22, 0, 0.254034, 0.151698, 0.502455, 0.555944, 0.661933, 0.822903, 0.845662, 0.963239, 1.04585
tmfreqs:, 66, 0.2, 0.2, 0, 0.23094, 0.138899, 0.508449, 0.556626, 0.654158, 0.82516, 0.844412, 0.969129, 1.05264
tmfreqs:, 67, 0.18, 0.18, 0, 0.207846, 0.125799, 0.514505, 0.557284, 0.646473, 0.827306, 0.84322, 0.974272, 1.05984
tmfreqs:, 68, 0.16, 0.16, 0, 0.184752, 0.112437, 0.520605, 0.557906, 0.638899, 0.829312, 0.842102, 0.978704, 1.06718
tmfreqs:, 69, 0.14, 0.14, 0, 0.161658, 0.0988507, 0.526729, 0.558483, 0.631462, 0.831149, 0.841076, 0.982479, 1.0743
tmfreqs:, 70, 0.12, 0.12, 0, 0.138564, 0.0850718, 0.532845, 0.559005, 0.624198, 0.832792, 0.840155, 0.985656, 1.08085
tmfreqs:, 71, 0.1, 0.1, 0, 0.11547, 0.0711319, 0.538903, 0.559463, 0.617161, 0.83422, 0.839353, 0.988286, 1.08649
tmfreqs:, 72, 0.08, 0.08, 0, 0.092376, 0.0570602, 0.544817, 0.559849, 0.610441, 0.835415, 0.838681, 0.990406, 1.09101
tmfreqs:, 73, 0.06, 0.06, 0, 0.069282, 0.0428847, 0.550423, 0.560156, 0.604205, 0.836359, 0.838149, 0.99204, 1.09437
tmfreqs:, 74, 0.04, 0.04, 0, 0.046188, 0.0286322, 0.555395, 0.56038, 0.598782, 0.837043, 0.837763, 0.993202, 1.09662
tmfreqs:, 75, 0.02, 0.02, 0, 0.023094, 0.0143288, 0.559089, 0.560515, 0.594816, 0.837456, 0.837529, 0.993897, 1.0979
tmfreqs:, 76, 0, 0, 0, 0, 0, 0.560518, 0.560561, 0.593296, 0.837451, 0.837595, 0.994129, 1.09832
tmfreqs:, k index, k1, k2, k3, kmag/2pi, tm band 1, tm band 2
tmfreqs:, 1, 0, 0, 0, 0, 0, 0.465723
tmfreqs:, 2, 0.02, 0, 0, 0.023094, 0.0122541, 0.465265
tmfreqs:, 3, 0.04, 0, 0, 0.046188, 0.0244891, 0.463894
tmfreqs:, 4, 0.06, 0, 0, 0.069282, 0.0366857, 0.461691
tmfreqs:, 5, 0.08, 0, 0, 0.092376, 0.0488245, 0.458757
tmfreqs:, 6, 0.1, 0, 0, 0.11547, 0.0608854, 0.455205
tmfreqs:, 7, 0.12, 0, 0, 0.138564, 0.0728476, 0.451145
tmfreqs:, 8, 0.14, 0, 0, 0.161658, 0.0846897, 0.446676
tmfreqs:, 9, 0.16, 0, 0, 0.184752, 0.0963888, 0.441885
tmfreqs:, 10, 0.18, 0, 0, 0.207846, 0.107921, 0.436841
tmfreqs:, 11, 0.2, 0, 0, 0.23094, 0.119259, 0.431605
tmfreqs:, 12, 0.22, 0, 0, 0.254034, 0.130375, 0.426226
tmfreqs:, 13, 0.24, 0, 0, 0.277128, 0.141237, 0.420749
tmfreqs:, 14, 0.26, 0, 0, 0.300222, 0.151809, 0.415214
tmfreqs:, 15, 0.28, 0, 0, 0.323316, 0.162049, 0.40966
tmfreqs:, 16, 0.3, 0, 0, 0.34641, 0.17191, 0.404131
tmfreqs:, 17, 0.32, 0, 0, 0.369504, 0.181334, 0.398675
tmfreqs:, 18, 0.34, 0, 0, 0.392598, 0.190255, 0.39335
tmfreqs:, 19, 0.36, 0, 0, 0.415692, 0.198589, 0.388224
tmfreqs:, 20, 0.38, 0, 0, 0.438786, 0.206241, 0.383384
tmfreqs:, 21, 0.4, 0, 0, 0.46188, 0.213092, 0.378935
tmfreqs:, 22, 0.42, 0, 0, 0.484974, 0.219008, 0.375
tmfreqs:, 23, 0.44, 0, 0, 0.508068, 0.223841, 0.37172
tmfreqs:, 24, 0.46, 0, 0, 0.531162, 0.227436, 0.369239
tmfreqs:, 25, 0.48, 0, 0, 0.554256, 0.229659, 0.367688
tmfreqs:, 26, 0.5, 0, 0, 0.57735, 0.230411, 0.367159
tmfreqs:, 27, 0.5, 0.02, 0, 0.566157, 0.230308, 0.367447
tmfreqs:, 28, 0.5, 0.04, 0, 0.555698, 0.230006, 0.368302
tmfreqs:, 29, 0.5, 0.06, 0, 0.546016, 0.229527, 0.369689
tmfreqs:, 30, 0.5, 0.08, 0, 0.537153, 0.228906, 0.371556
tmfreqs:, 31, 0.5, 0.1, 0, 0.52915, 0.228187, 0.373832
tmfreqs:, 32, 0.5, 0.12, 0, 0.522047, 0.227417, 0.376424
tmfreqs:, 33, 0.5, 0.14, 0, 0.515881, 0.226647, 0.37922
tmfreqs:, 34, 0.5, 0.16, 0, 0.510686, 0.225923, 0.382081
tmfreqs:, 35, 0.5, 0.18, 0, 0.506491, 0.225289, 0.384834
tmfreqs:, 36, 0.5, 0.2, 0, 0.503322, 0.22478, 0.387261
tmfreqs:, 37, 0.5, 0.22, 0, 0.501199, 0.224426, 0.389106
tmfreqs:, 38, 0.5, 0.24, 0, 0.500133, 0.224244, 0.390108
tmfreqs:, 39, 0.5, 0.26, 0, 0.500133, 0.224245, 0.390093
tmfreqs:, 40, 0.5, 0.28, 0, 0.501199, 0.224429, 0.389063
tmfreqs:, 41, 0.5, 0.3, 0, 0.503322, 0.224786, 0.387195
tmfreqs:, 42, 0.5, 0.32, 0, 0.506491, 0.225297, 0.384749
tmfreqs:, 43, 0.5, 0.34, 0, 0.510686, 0.225933, 0.381982
tmfreqs:, 44, 0.5, 0.36, 0, 0.515881, 0.226659, 0.37911
tmfreqs:, 45, 0.5, 0.38, 0, 0.522047, 0.227431, 0.376305
tmfreqs:, 46, 0.5, 0.4, 0, 0.52915, 0.228203, 0.373706
tmfreqs:, 47, 0.5, 0.42, 0, 0.537153, 0.228924, 0.371425
tmfreqs:, 48, 0.5, 0.44, 0, 0.546016, 0.229546, 0.369553
tmfreqs:, 49, 0.5, 0.46, 0, 0.555698, 0.230026, 0.368163
tmfreqs:, 50, 0.5, 0.48, 0, 0.566157, 0.230329, 0.367307
tmfreqs:, 51, 0.5, 0.5, 0, 0.57735, 0.230433, 0.367018
tmfreqs:, 52, 0.48, 0.48, 0, 0.554256, 0.22968, 0.367547
tmfreqs:, 53, 0.46, 0.46, 0, 0.531162, 0.227456, 0.369101
tmfreqs:, 54, 0.44, 0.44, 0, 0.508068, 0.223858, 0.371585
tmfreqs:, 55, 0.42, 0.42, 0, 0.484974, 0.219023, 0.37487
tmfreqs:, 56, 0.4, 0.4, 0, 0.46188, 0.213104, 0.378809
tmfreqs:, 57, 0.38, 0.38, 0, 0.438786, 0.206251, 0.383263
tmfreqs:, 58, 0.36, 0.36, 0, 0.415692, 0.198597, 0.388108
tmfreqs:, 59, 0.34, 0.34, 0, 0.392598, 0.190261, 0.39324
tmfreqs:, 60, 0.32, 0.32, 0, 0.369504, 0.181339, 0.398571
tmfreqs:, 61, 0.3, 0.3, 0, 0.34641, 0.171913, 0.404033
tmfreqs:, 62, 0.28, 0.28, 0, 0.323316, 0.162052, 0.409567
tmfreqs:, 63, 0.26, 0.26, 0, 0.300222, 0.15181, 0.415127
tmfreqs:, 64, 0.24, 0.24, 0, 0.277128, 0.141238, 0.420668
tmfreqs:, 65, 0.22, 0.22, 0, 0.254034, 0.130376, 0.426152
tmfreqs:, 66, 0.2, 0.2, 0, 0.23094, 0.119259, 0.431538
tmfreqs:, 67, 0.18, 0.18, 0, 0.207846, 0.107921, 0.436781
tmfreqs:, 68, 0.16, 0.16, 0, 0.184752, 0.0963889, 0.441832
tmfreqs:, 69, 0.14, 0.14, 0, 0.161658, 0.0846898, 0.446631
tmfreqs:, 70, 0.12, 0.12, 0, 0.138564, 0.0728477, 0.451107
tmfreqs:, 71, 0.1, 0.1, 0, 0.11547, 0.0608854, 0.455174
tmfreqs:, 72, 0.08, 0.08, 0, 0.092376, 0.0488245, 0.458733
tmfreqs:, 73, 0.06, 0.06, 0, 0.069282, 0.0366857, 0.461674
tmfreqs:, 74, 0.04, 0.04, 0, 0.046188, 0.0244891, 0.463881
tmfreqs:, 75, 0.02, 0.02, 0, 0.023094, 0.0122541, 0.465254
tmfreqs:, 76, 0, 0, 0, 0, 0, 0.465721
tmfreqs:, k index, k1, k2, k3, kmag/2pi, tm band 1, tm band 2
tmfreqs:, 1, 0, 0, 0, 0, 0, 0.375949
tmfreqs:, 2, 0.02, 0, 0, 0.023094, 0.0095792, 0.375559
tmfreqs:, 3, 0.04, 0, 0, 0.046188, 0.0191508, 0.374356
tmfreqs:, 4, 0.06, 0, 0, 0.069282, 0.0287071, 0.372399
tmfreqs:, 5, 0.08, 0, 0, 0.092376, 0.0382404, 0.369762
tmfreqs:, 6, 0.1, 0, 0, 0.11547, 0.0477425, 0.366526
tmfreqs:, 7, 0.12, 0, 0, 0.138564, 0.0572052, 0.362772
tmfreqs:, 8, 0.14, 0, 0, 0.161658, 0.0666197, 0.358577
tmfreqs:, 9, 0.16, 0, 0, 0.184752, 0.0759766, 0.354008
tmfreqs:, 10, 0.18, 0, 0, 0.207846, 0.085266, 0.349122
tmfreqs:, 11, 0.2, 0, 0, 0.23094, 0.0944768, 0.343968
tmfreqs:, 12, 0.22, 0, 0, 0.254034, 0.103596, 0.338586
tmfreqs:, 13, 0.24, 0, 0, 0.277128, 0.112611, 0.333015
tmfreqs:, 14, 0.26, 0, 0, 0.300222, 0.121503, 0.327285
tmfreqs:, 15, 0.28, 0, 0, 0.323316, 0.130254, 0.32143
tmfreqs:, 16, 0.3, 0, 0, 0.34641, 0.138837, 0.31548
tmfreqs:, 17, 0.32, 0, 0, 0.369504, 0.147222, 0.309474
tmfreqs:, 18, 0.34, 0, 0, 0.392598, 0.155367, 0.303456
tmfreqs:, 19, 0.36, 0, 0, 0.415692, 0.163216, 0.297484
tmfreqs:, 20, 0.38, 0, 0, 0.438786, 0.17069, 0.291636
tmfreqs:, 21, 0.4, 0, 0, 0.46188, 0.177681, 0.286024
tmfreqs:, 22, 0.42, 0, 0, 0.484974, 0.18403, 0.280803
tmfreqs:, 23, 0.44, 0, 0, 0.508068, 0.189513, 0.276198
tmfreqs:, 24, 0.46, 0, 0, 0.531162, 0.193834, 0.272505
tmfreqs:, 25, 0.48, 0, 0, 0.554256, 0.196639, 0.270077
tmfreqs:, 26, 0.5, 0, 0, 0.57735, 0.197617, 0.269224
tmfreqs:, 27, 0.5, 0.02, 0, 0.566157, 0.197459, 0.269572
tmfreqs:, 28, 0.5, 0.04, 0, 0.555698, 0.197002, 0.270598
tmfreqs:, 29, 0.5, 0.06, 0, 0.546016, 0.196288, 0.272251
tmfreqs:, 30, 0.5, 0.08, 0, 0.537153, 0.195383, 0.274454
tmfreqs:, 31, 0.5, 0.1, 0, 0.52915, 0.194358, 0.277114
tmfreqs:, 32, 0.5, 0.12, 0, 0.522047, 0.193288, 0.280123
tmfreqs:, 33, 0.5, 0.14, 0, 0.515881, 0.192243, 0.283363
tmfreqs:, 34, 0.5, 0.16, 0, 0.510686, 0.191281, 0.286694
tmfreqs:, 35, 0.5, 0.18, 0, 0.506491, 0.190453, 0.289942
tmfreqs:, 36, 0.5, 0.2, 0, 0.503322, 0.189798, 0.292875
tmfreqs:, 37, 0.5, 0.22, 0, 0.501199, 0.189346, 0.295176
tmfreqs:, 38, 0.5, 0.24, 0, 0.500133, 0.189116, 0.29647
tmfreqs:, 39, 0.5, 0.26, 0, 0.500133, 0.189117, 0.296468
tmfreqs:, 40, 0.5, 0.28, 0, 0.501199, 0.189348, 0.29517
tmfreqs:, 41, 0.5, 0.3, 0, 0.503322, 0.189802, 0.292866
tmfreqs:, 42, 0.5, 0.32, 0, 0.506491, 0.190457, 0.289929
tmfreqs:, 43, 0.5, 0.34, 0, 0.510686, 0.191287, 0.286677
tmfreqs:, 44, 0.5, 0.36, 0, 0.515881, 0.19225, 0.283343
tmfreqs:, 45, 0.5, 0.38, 0, 0.522047, 0.193297, 0.2801
tmfreqs:, 46, 0.5, 0.4, 0, 0.52915, 0.194368, 0.277088
tmfreqs:, 47, 0.5, 0.42, 0, 0.537153, 0.195394, 0.274426
tmfreqs:, 48, 0.5, 0.44, 0, 0.546016, 0.196301, 0.27222
tmfreqs:, 49, 0.5, 0.46, 0, 0.555698, 0.197016, 0.270566
tmfreqs:, 50, 0.5, 0.48, 0, 0.566157, 0.197474, 0.269539
tmfreqs:, 51, 0.5, 0.5, 0, 0.57735, 0.197632, 0.269191
tmfreqs:, 52, 0.48, 0.48, 0, 0.554256, 0.196653, 0.270044
tmfreqs:, 53, 0.46, 0.46, 0, 0.531162, 0.193846, 0.272475
tmfreqs:, 54, 0.44, 0.44, 0, 0.508068, 0.189524, 0.27617
tmfreqs:, 55, 0.42, 0.42, 0, 0.484974, 0.184038, 0.280779
tmfreqs:, 56, 0.4, 0.4, 0, 0.46188, 0.177687, 0.286003
tmfreqs:, 57, 0.38, 0.38, 0, 0.438786, 0.170695, 0.291619
tmfreqs:, 58, 0.36, 0.36, 0, 0.415692, 0.163219, 0.29747
tmfreqs:, 59, 0.34, 0.34, 0, 0.392598, 0.15537, 0.303446
tmfreqs:, 60, 0.32, 0.32, 0, 0.369504, 0.147224, 0.309469
tmfreqs:, 61, 0.3, 0.3, 0, 0.34641, 0.138838, 0.315479
tmfreqs:, 62, 0.28, 0.28, 0, 0.323316, 0.130255, 0.321433
tmfreqs:, 63, 0.26, 0.26, 0, 0.300222, 0.121504, 0.327294
tmfreqs:, 64, 0.24, 0.24, 0, 0.277128, 0.112611, 0.333029
tmfreqs:, 65, 0.22, 0.22, 0, 0.254034, 0.103597, 0.338606
tmfreqs:, 66, 0.2, 0.2, 0, 0.23094, 0.0944769, 0.343993
tmfreqs:, 67, 0.18, 0.18, 0, 0.207846, 0.0852661, 0.349154
tmfreqs:, 68, 0.16, 0.16, 0, 0.184752, 0.0759767, 0.354047
tmfreqs:, 69, 0.14, 0.14, 0, 0.161658, 0.0666197, 0.358623
tmfreqs:, 70, 0.12, 0.12, 0, 0.138564, 0.0572052, 0.362825
tmfreqs:, 71, 0.1, 0.1, 0, 0.11547, 0.0477425, 0.366586
tmfreqs:, 72, 0.08, 0.08, 0, 0.092376, 0.0382404, 0.369828
tmfreqs:, 73, 0.06, 0.06, 0, 0.069282, 0.0287071, 0.372471
tmfreqs:, 74, 0.04, 0.04, 0, 0.046188, 0.0191508, 0.374433
tmfreqs:, 75, 0.02, 0.02, 0, 0.023094, 0.0095792, 0.375643
tmfreqs:, 76, 0, 0, 0, 0, 0, 0.376052
tmfreqs:, k index, k1, k2, k3, kmag/2pi, tm band 1, tm band 2
tmfreqs:, 1, 0, 0, 0, 0, 0, 0.573653
tmfreqs:, 2, 0.02, 0, 0, 0.023094, 0.0145771, 0.571739
tmfreqs:, 3, 0.04, 0, 0, 0.046188, 0.0291284, 0.566829
tmfreqs:, 4, 0.06, 0, 0, 0.069282, 0.0436281, 0.560962
tmfreqs:, 5, 0.08, 0, 0, 0.092376, 0.0580495, 0.554778
tmfreqs:, 6, 0.1, 0, 0, 0.11547, 0.0723653, 0.548491
tmfreqs:, 7, 0.12, 0, 0, 0.138564, 0.086547, 0.542191
tmfreqs:, 8, 0.14, 0, 0, 0.161658, 0.100565, 0.535916
tmfreqs:, 9, 0.16, 0, 0, 0.184752, 0.114387, 0.529691
tmfreqs:, 10, 0.18, 0, 0, 0.207846, 0.127979, 0.523528
tmfreqs:, 11, 0.2, 0, 0, 0.23094, 0.141304, 0.517439
tmfreqs:, 12, 0.22, 0, 0, 0.254034, 0.154322, 0.511432
tmfreqs:, 13, 0.24, 0, 0, 0.277128, 0.166988, 0.50552
tmfreqs:, 14, 0.26, 0, 0, 0.300222, 0.179253, 0.499717
tmfreqs:, 15, 0.28, 0, 0, 0.323316, 0.191061, 0.494042
tmfreqs:, 16, 0.3, 0, 0, 0.34641, 0.202349, 0.48852
tmfreqs:, 17, 0.32, 0, 0, 0.369504, 0.213047, 0.483184
tmfreqs:, 18, 0.34, 0, 0, 0.392598, 0.223072, 0.478079
tmfreqs:, 19, 0.36, 0, 0, 0.415692, 0.232333, 0.473261
tmfreqs:, 20, 0.38, 0, 0, 0.438786, 0.240726, 0.468798
tmfreqs:, 21, 0.4, 0, 0, 0.46188, 0.248137, 0.464773
tmfreqs:, 22, 0.42, 0, 0, 0.484974, 0.254443, 0.461279
tmfreqs:, 23, 0.44, 0, 0, 0.508068, 0.25952, 0.458418
tmfreqs:, 24, 0.46, 0, 0, 0.531162, 0.263248, 0.456287
tmfreqs:, 25, 0.48, 0, 0, 0.554256, 0.265529, 0.454969
tmfreqs:, 26, 0.5, 0, 0, 0.57735, 0.266297, 0.454524
tmfreqs:, 27, 0.5, 0.02, 0, 0.566157, 0.266195, 0.454838
tmfreqs:, 28, 0.5, 0.04, 0, 0.555698, 0.265896, 0.455768
tmfreqs:, 29, 0.5, 0.06, 0, 0.546016, 0.26542, 0.457279
tmfreqs:, 30, 0.5, 0.08, 0, 0.537153, 0.264802, 0.459314
tmfreqs:, 31, 0.5, 0.1, 0, 0.52915, 0.264083, 0.461793
tmfreqs:, 32, 0.5, 0.12, 0, 0.522047, 0.26331, 0.464611
tmfreqs:, 33, 0.5, 0.14, 0, 0.515881, 0.262533, 0.46764
tmfreqs:, 34, 0.5, 0.16, 0, 0.510686, 0.2618, 0.470718
tmfreqs:, 35, 0.5, 0.18, 0, 0.506491, 0.261156, 0.473649
tmfreqs:, 36, 0.5, 0.2, 0, 0.503322, 0.260638, 0.476196
tmfreqs:, 37, 0.5, 0.22, 0, 0.501199, 0.260276, 0.478096
tmfreqs:, 38, 0.5, 0.24, 0, 0.500133, 0.260091, 0.479104
tmfreqs:, 39, 0.5, 0.26, 0, 0.500133, 0.260092, 0.479065
tmfreqs:, 40, 0.5, 0.28, 0, 0.501199, 0.26028, 0.477985
tmfreqs:, 41, 0.5, 0.3, 0, 0.503322, 0.260645, 0.476023
tmfreqs:, 42, 0.5, 0.32, 0, 0.506491, 0.261166, 0.473428
tmfreqs:, 43, 0.5, 0.34, 0, 0.510686, 0.261813, 0.470461
tmfreqs:, 44, 0.5, 0.36, 0, 0.515881, 0.262548, 0.467357
tmfreqs:, 45, 0.5, 0.38, 0, 0.522047, 0.263327, 0.464309
tmfreqs:, 46, 0.5, 0.4, 0, 0.52915, 0.264103, 0.461476
tmfreqs:, 47, 0.5, 0.42, 0, 0.537153, 0.264824, 0.458987
tmfreqs:, 48, 0.5, 0.44, 0, 0.546016, 0.265444, 0.456945
tmfreqs:, 49, 0.5, 0.46, 0, 0.555698, 0.265921, 0.455428
tmfreqs:, 50, 0.5, 0.48, 0, 0.566157, 0.266221, 0.454495
tmfreqs:, 51, 0.5, 0.5, 0, 0.57735, 0.266323, 0.454181
tmfreqs:, 52, 0.48, 0.48, 0, 0.554256, 0.265555, 0.454627
tmfreqs:, 53, 0.46, 0.46, 0, 0.531162, 0.263272, 0.455947
tmfreqs:, 54, 0.44, 0.44, 0, 0.508068, 0.259541, 0.458082
tmfreqs:, 55, 0.42, 0.42, 0, 0.484974, 0.254462, 0.460948
tmfreqs:, 56, 0.4, 0.4, 0, 0.46188, 0.248153, 0.464447
tmfreqs:, 57, 0.38, 0.38, 0, 0.438786, 0.24074, 0.468479
tmfreqs:, 58, 0.36, 0.36, 0, 0.415692, 0.232344, 0.472948
tmfreqs:, 59, 0.34, 0.34, 0, 0.392598, 0.22308, 0.477773
tmfreqs:, 60, 0.32, 0.32, 0, 0.369504, 0.213053, 0.482884
tmfreqs:, 61, 0.3, 0.3, 0, 0.34641, 0.202354, 0.488225
tmfreqs:, 62, 0.28, 0.28, 0, 0.323316, 0.191064, 0.493754
tmfreqs:, 63, 0.26, 0.26, 0, 0.300222, 0.179255, 0.499435
tmfreqs:, 64, 0.24, 0.24, 0, 0.277128, 0.166989, 0.505244
tmfreqs:, 65, 0.22, 0.22, 0, 0.254034, 0.154323, 0.511162
tmfreqs:, 66, 0.2, 0.2, 0, 0.23094, 0.141304, 0.517174
tmfreqs:, 67, 0.18, 0.18, 0, 0.207846, 0.127979, 0.523269
tmfreqs:, 68, 0.16, 0.16, 0, 0.184752, 0.114387, 0.529437
tmfreqs:, 69, 0.14, 0.14, 0, 0.161658, 0.100565, 0.535667
tmfreqs:, 70, 0.12, 0.12, 0, 0.138564, 0.0865471, 0.541945
tmfreqs:, 71, 0.1, 0.1, 0, 0.11547, 0.0723653, 0.548249
tmfreqs:, 72, 0.08, 0.08, 0, 0.092376, 0.0580495, 0.554536
tmfreqs:, 73, 0.06, 0.06, 0, 0.069282, 0.0436281, 0.560717
tmfreqs:, 74, 0.04, 0.04, 0, 0.046188, 0.0291284, 0.566574
tmfreqs:, 75, 0.02, 0.02, 0, 0.023094, 0.0145771, 0.57147
tmfreqs:, 76, 0, 0, 0, 0, 0, 0.573653
tmfreqs:, k index, k1, k2, k3, kmag/2pi, tm band 1, tm band 2
tmfreqs:, 1, 0, 0, 0, 0, 0, 0.595606
tmfreqs:, 2, 0.02, 0, 0, 0.023094, 0.0163227, 0.595171
tmfreqs:, 3, 0.04, 0, 0, 0.046188, 0.0326191, 0.593897
tmfreqs:, 4, 0.06, 0, 0, 0.069282, 0.0488623, 0.591863
tmfreqs:, 5, 0.08, 0, 0, 0.092376, 0.0650248, 0.589181
tmfreqs:, 6, 0.1, 0, 0, 0.11547, 0.0810781, 0.585969
tmfreqs:, 7, 0.12, 0, 0, 0.138564, 0.096992, 0.58234
tmfreqs:, 8, 0.14, 0, 0, 0.161658, 0.112734, 0.578388
tmfreqs:, 9, 0.16, 0, 0, 0.184752, 0.12827, 0.574194
tmfreqs:, 10, 0.18, 0, 0, 0.207846, 0.143562, 0.569821
tmfreqs:, 11, 0.2, 0, 0, 0.23094, 0.158569, 0.565321
tmfreqs:, 12, 0.22, 0, 0, 0.254034, 0.173244, 0.560736
tmfreqs:, 13, 0.24, 0, 0, 0.277128, 0.187536, 0.556101
tmfreqs:, 14, 0.26, 0, 0, 0.300222, 0.201387, 0.55145
tmfreqs:, 15, 0.28, 0, 0, 0.323316, 0.214732, 0.546815
tmfreqs:, 16, 0.3, 0, 0, 0.34641, 0.227497, 0.542232
tmfreqs:, 17, 0.32, 0, 0, 0.369504, 0.239598, 0.53774
tmfreqs:, 18, 0.34, 0, 0, 0.392598, 0.250938, 0.533388
tmfreqs:, 19, 0.36, 0, 0, 0.415692, 0.26141, 0.529235
tmfreqs:, 20, 0.38, 0, 0, 0.438786, 0.270896, 0.52535
tmfreqs:, 21, 0.4, 0, 0, 0.46188, 0.279263, 0.521818
tmfreqs:, 22, 0.42, 0, 0, 0.484974, 0.286374, 0.51873
tmfreqs:, 23, 0.44, 0, 0, 0.508068, 0.292091, 0.516188
tmfreqs:, 24, 0.46, 0, 0, 0.531162, 0.296284, 0.514286
tmfreqs:, 25, 0.48, 0, 0, 0.554256, 0.298847, 0.513108
tmfreqs:, 26, 0.5, 0, 0, 0.57735, 0.29971, 0.512708
tmfreqs:, 27, 0.5, 0.02, 0, 0.566157, 0.299593, 0.51307
tmfreqs:, 28, 0.5, 0.04, 0, 0.555698, 0.299251, 0.51414
tmfreqs:, 29, 0.5, 0.06, 0, 0.546016, 0.298707, 0.515877
tmfreqs:, 30, 0.5, 0.08, 0, 0.537153, 0.298, 0.518212
tmfreqs:, 31, 0.5, 0.1, 0, 0.52915, 0.297177, 0.521048
tmfreqs:, 32, 0.5, 0.12, 0, 0.522047, 0.296294, 0.524259
tmfreqs:, 33, 0.5, 0.14, 0, 0.515881, 0.295406, 0.52769
tmfreqs:, 34, 0.5, 0.16, 0, 0.510686, 0.294569, 0.53115
tmfreqs:, 35, 0.5, 0.18, 0, 0.506491, 0.293833, 0.534414
tmfreqs:, 36, 0.5, 0.2, 0, 0.503322, 0.293242, 0.537218
tmfreqs:, 37, 0.5, 0.22, 0, 0.501199, 0.292828, 0.539288
tmfreqs:, 38, 0.5, 0.24, 0, 0.500133, 0.292616, 0.540379
tmfreqs:, 39, 0.5, 0.26, 0, 0.500133, 0.292618, 0.540344
tmfreqs:, 40, 0.5, 0.28, 0, 0.501199, 0.292832, 0.539188
tmfreqs:, 41, 0.5, 0.3, 0, 0.503322, 0.293248, 0.537061
tmfreqs:, 42, 0.5, 0.32, 0, 0.506491, 0.293843, 0.53421
tmfreqs:, 43, 0.5, 0.34, 0, 0.510686, 0.294581, 0.53091
tmfreqs:, 44, 0.5, 0.36, 0, 0.515881, 0.295421, 0.527421
tmfreqs:, 45, 0.5, 0.38, 0, 0.522047, 0.296311, 0.52397
tmfreqs:, 46, 0.5, 0.4, 0, 0.52915, 0.297197, 0.520743
tmfreqs:, 47, 0.5, 0.42, 0, 0.537153, 0.298022, 0.517897
tmfreqs:, 48, 0.5, 0.44, 0, 0.546016, 0.29873, 0.515554
tmfreqs:, 49, 0.5, 0.46, 0, 0.555698, 0.299276, 0.513811
tmfreqs:, 50, 0.5, 0.48, 0, 0.566157, 0.299619, 0.512737
tmfreqs:, 51, 0.5, 0.5, 0, 0.57735, 0.299736, 0.512375
tmfreqs:, 52, 0.48, 0.48, 0, 0.554256, 0.298873, 0.512775
tmfreqs:, 53, 0.46, 0.46, 0, 0.531162, 0.296308, 0.513958
tmfreqs:, 54, 0.44, 0.44, 0, 0.508068, 0.292112, 0.515866
tmfreqs:, 55, 0.42, 0.42, 0, 0.484974, 0.286393, 0.518417
tmfreqs:, 56, 0.4, 0.4, 0, 0.46188, 0.279279, 0.521514
tmfreqs:, 57, 0.38, 0.38, 0, 0.438786, 0.270909, 0.525058
tmfreqs:, 58, 0.36, 0.36, 0, 0.415692, 0.261421, 0.528954
tmfreqs:, 59, 0.34, 0.34, 0, 0.392598, 0.250946, 0.533121
tmfreqs:, 60, 0.32, 0.32, 0, 0.369504, 0.239604, 0.537486
tmfreqs:, 61, 0.3, 0.3, 0, 0.34641, 0.227502, 0.541992
tmfreqs:, 62, 0.28, 0.28, 0, 0.323316, 0.214736, 0.54659
tmfreqs:, 63, 0.26, 0.26, 0, 0.300222, 0.20139, 0.55124
tmfreqs:, 64, 0.24, 0.24, 0, 0.277128, 0.187538, 0.555907
tmfreqs:, 65, 0.22, 0.22, 0, 0.254034, 0.173245, 0.560559
tmfreqs:, 66, 0.2, 0.2, 0, 0.23094, 0.15857, 0.565161
tmfreqs:, 67, 0.18, 0.18, 0, 0.207846, 0.143563, 0.56968
tmfreqs:, 68, 0.16, 0.16, 0, 0.184752, 0.128271, 0.574071
tmfreqs:, 69, 0.14, 0.14, 0, 0.161658, 0.112734, 0.578285
tmfreqs:, 70, 0.12, 0.12, 0, 0.138564, 0.096992, 0.582256
tmfreqs:, 71, 0.1, 0.1, 0, 0.11547, 0.0810781, 0.585906
tmfreqs:, 72, 0.08, 0.08, 0, 0.092376, 0.0650248, 0.589136
tmfreqs:, 73, 0.06, 0.06, 0, 0.069282, 0.0488623, 0.591836
tmfreqs:, 74, 0.04, 0.04, 0, 0.046188, 0.0326191, 0.593884
tmfreqs:, 75, 0.02, 0.02, 0, 0.023094, 0.0163227, 0.595168
tmfreqs:, 76, 0, 0, 0, 0, 0, 0.595606
tmfreqs:, k index, k1, k2, k3, kmag/2pi, tm band 1, tm band 2, tm band 3, tm band 4, tm band 5, tm band 6, tm band 7, tm band 8, tm band 9, tm band 10, tm band 11, tm band 12, tm band 13, tm band 14, tm band 15, tm band 16, tm band 17, tm band 18, tm band 19, tm band 20, tm band 21, tm band 22, tm band 23, tm band 24, tm band 25, tm band 26, tm band 27, tm band 28, tm band 29, tm band 30, tm band 31, tm band 32, tm band 33, tm band 34, tm band 35, tm band 36, tm band 37, tm band 38, tm band 39, tm band 40, tm band 41, tm band 42, tm band 43, tm band 44, tm band 45, tm band 46, tm band 47, tm band 48, tm band 49, tm band 50
tmfreqs:, 1, 0.5, 0.5, 0, 0.141421, 0.0904454, 0.0904609, 0.0904609, 0.0944816, 0.190067, 0.190067, 0.190067, 0.190068, 0.19007, 0.190245, 0.190245, 0.203237, 0.237196, 0.237298, 0.237298, 0.240872, 0.246066, 0.246066, 0.246066, 0.257408, 0.267453, 0.26748, 0.26748, 0.279812, 0.3773, 0.423294, 0.423305, 0.426098, 0.426099, 0.460419, 0.460406, 0.460407, 0.460411, 0.460426, 0.46271, 0.462711, 0.465484, 0.465538, 0.469456, 0.469457, 0.469855, 0.474575, 0.480164, 0.480164, 0.490505, 0.499359, 0.49936, 0.511689, 0.51273, 0.51273
tmfreqs:, k index, k1, k2, k3, kmag/2pi, tm band 1
tmfreqs:, 1, 0.5, 0.5, 0, 0.141421, 0.3773
tmfreqs:, k index, k1, k2, k3, kmag/2pi, tm band 1
tmfreqs:, 1, 0.5, 0.5, 0, 0.141421, 0.3773
tmfreqs:, k index, k1, k2, k3, kmag/2pi, tm band 1
tmfreqs:, 1, 0.5, 0.5, 0, 0.141421, 0.282209
tmfreqs:, k index, k1, k2, k3, kmag/2pi, tm band 1
tmfreqs:, 1, 0.5, 0.5, 0, 0.141421, 0.301374
tmfreqs:, k index, k1, k2, k3, kmag/2pi, tm band 1
tmfreqs:, 1, 0.5, 0.5, 0, 0.141421, 0.317732
tmfreqs:, k index, k1, k2, k3, kmag/2pi, tm band 1
tmfreqs:, 1, 0.5, 0.5, 0, 0.141421, 0.308953
tmfreqs:, k index, k1, k2, k3, kmag/2pi, tm band 1
tmfreqs:, 1, 0.5, 0.5, 0, 0.141421, 0.314172
tmfreqs:, k index, k1, k2, k3, kmag/2pi, tm band 1
tmfreqs:, 1, 0.5, 0.5, 0, 0.141421, 0.311508
tmfreqs:, k index, k1, k2, k3, kmag/2pi, tm band 1
tmfreqs:, 1, 0.5, 0.5, 0, 0.141421, 0.314159
tmfreqs:, k index, k1, k2, k3, kmag/2pi, tm band 1
tmfreqs:, 1, 0.5, 0.5, 0, 0.141421, 0.31282
tmfreqs:, k index, k1, k2, k3, kmag/2pi, tm band 1
tmfreqs:, 1, 0.5, 0.5, 0, 0.141421, 0.314159
tmfreqs:, k index, k1, k2, k3, kmag/2pi, tm band 1
tmfreqs:, 1, 0.5, 0.5, 0, 0.141421, 0.314159
tmfreqs:, k index, k1, k2, k3, kmag/2pi, tm band 1
tmfreqs:, 1, 0.5, 0.5, 0, 0.141421, 0.314159
tmfreqs:, k index, k1, k2, k3, kmag/2pi, tm band 1
tmfreqs:, 1, 0.5, 0.5, 0, 0.141421, 0.314159
tmfreqs:, k index, k1, k2, k3, kmag/2pi, tm band 1
tmfreqs:, 1, 0.5, 0.5, 0, 0.141421, 0.314159
tmfreqs:, k index, k1, k2, k3, kmag/2pi, tm band 1
tmfreqs:, 1, 0.5, 0.5, 0, 0.141421, 0.314159
tmfreqs:, k index, k1, k2, k3, kmag/2pi, tm band 1
tmfreqs:, 1, 0.5, 0.5, 0, 0.141421, 0.314159
tmfreqs:, k index, k1, k2, k3, kmag/2pi, tm band 1
tmfreqs:, 1, 0.5, 0.5, 0, 0.141421, 0.314159
tmfreqs:, k index, k1, k2, k3, kmag/2pi, tm band 1
tmfreqs:, 1, 0.5, 0.5, 0, 0.141421, 0.314159
tmfreqs:, k index, k1, k2, k3, kmag/2pi, tm band 1
tmfreqs:, 1, 0.5, 0.5, 0, 0.141421, 0.314159
tmfreqs:, k index, k1, k2, k3, kmag/2pi, tm band 1
tmfreqs:, 1, 0.5, 0.5, 0, 0.141421, 0.314159
tmfreqs:, k index, k1, k2, k3, kmag/2pi, tm band 1
tmfreqs:, 1, 0.5, 0.5, 0, 0.141421, 0.314159
tmfreqs:, k index, k1, k2, k3, kmag/2pi, tm band 1
tmfreqs:, 1, 0.5, 0.5, 0, 0.141421, 0.314159
tmfreqs:, k index, k1, k2, k3, kmag/2pi, tm band 1
tmfreqs:, 1, 0.5, 0.5, 0, 0.141421, 0.314159
